126.000000 0.000070
135.000000 0.256552
144.000000 0.292935
153.000000 0.111577
162.000000 -0.015302
171.000000 -0.167307
180.000000 -0.365042
189.000000 -0.243476
198.000000 -0.200244
207.000000 -0.064039
216.000000 0.039196
225.000000 0.065164
234.000000 0.140087
243.000000 0.310705
252.000000 0.417109
261.000000 0.351104
270.000000 0.379442
279.000000 0.475028
288.000000 0.522243
297.000000 0.476856
306.000000 0.474999
315.000000 0.567297
324.000000 0.632266
333.000000 0.609618
342.000000 0.696294
351.000000 0.890493
360.000000 0.916739
370.000000 0.835058
379.000000 0.897083
388.000000 1.048798
397.000000 1.075841
406.000000 0.954227
415.000000 0.933088
424.000000 1.023846
433.000000 1.086395
442.000000 0.963891
451.000000 0.959095
460.000000 1.055200
469.000000 1.105214
478.000000 0.969919
487.000000 0.943367
496.000000 0.992060
505.000000 1.012733
514.000000 0.950007
523.000000 0.976899
532.000000 1.134863
541.000000 1.173931
550.000000 1.021493
559.000000 0.992964
568.000000 1.000441
577.000000 1.013264
586.000000 0.951615
595.000000 0.956973
604.000000 1.053384
613.000000 1.109821
622.000000 1.041189
631.000000 1.050128
640.000000 1.175151
649.000000 1.239976
658.000000 1.365215
667.000000 1.632672
676.000000 1.998567
685.000000 2.023229
694.000000 1.845826
703.000000 1.794406
712.000000 1.814624
721.000000 1.788617
730.000000 1.988997
739.000000 2.196832
748.000000 2.470327
757.000000 2.674427
766.000000 2.724657
775.000000 2.797070
784.000000 2.943582
793.000000 3.094046
802.000000 3.328720
811.000000 3.561549
820.000000 3.959424
829.000000 4.201186
838.000000 4.380407
847.000000 4.708865
856.000000 5.198283
865.000000 5.284891
874.000000 5.211805
883.000000 5.256008
892.000000 5.397565
901.000000 5.519700
910.000000 5.715071
919.000000 5.989745
928.000000 6.310844
937.000000 6.553021
946.000000 6.730528
955.000000 7.040093
964.000000 7.512379
973.000000 7.736467
982.000000 7.733151
991.000000 7.844136
1000.000000 8.055073
1009.000000 8.292764
1018.000000 8.444571
1027.000000 8.710807
1036.000000 9.100852
1045.000000 9.386113
1054.000000 9.511141
1063.000000 9.787100
1072.000000 10.247135
1081.000000 10.487265
1090.000000 10.388050
1099.000000 10.500268
1108.000000 10.705521
1117.000000 10.949733
1126.000000 11.049692
1135.000000 11.333303
1144.000000 11.698954
1153.000000 11.992553
1162.000000 12.070023
1171.000000 12.371748
1180.000000 12.837104
1189.000000 13.057964
1198.000000 13.087839
1207.000000 13.292832
1216.000000 13.663997
1225.000000 13.806991
1234.000000 13.851953
1243.000000 14.101730
1252.000000 14.528125
1261.000000 14.512687
1270.000000 14.286573
1279.000000 14.246360
1288.000000 14.325633
1297.000000 14.448820
1306.000000 14.467979
1315.000000 14.620699
1324.000000 14.926770
1333.000000 14.926053
1342.000000 14.698961
1351.000000 14.658451
1360.000000 14.740456
1369.000000 14.846801
1378.000000 14.798741
1387.000000 14.937050
1396.000000 15.258373
1405.000000 15.157408
1414.000000 14.986392
1423.000000 15.002149
1432.000000 15.159111
1441.000000 15.197735
1450.000000 15.076231
1459.000000 15.146729
1468.000000 15.375606
1477.000000 15.331774
1486.000000 15.242270
1495.000000 15.314727
1504.000000 15.569463
1513.000000 15.520271
1522.000000 15.251058
1531.000000 15.156551
1540.000000 15.222300
1549.000000 15.284374
1558.000000 15.177966
1567.000000 15.261771
1576.000000 15.470938
1585.000000 15.420903
1594.000000 15.303473
1603.000000 15.386056
1612.000000 15.629247
1621.000000 15.572942
1630.000000 15.307299
1639.000000 15.192036
1648.000000 15.225157
1657.000000 15.277909
1666.000000 15.207451
1675.000000 15.369055
1684.000000 15.641541
1693.000000 15.578989
1702.000000 15.313444
1711.000000 15.233739
1720.000000 15.289459
1729.000000 15.349981
1738.000000 15.249137
1747.000000 15.328683
1756.000000 15.544276
1765.000000 15.513060
1774.000000 15.435019
1783.000000 15.530954
1792.000000 15.813728
1801.000000 15.703067
1810.000000 15.382499
1819.000000 15.227824
1828.000000 15.218054
1837.000000 15.242940
1846.000000 15.221414
1855.000000 15.307341
1864.000000 15.591664
1873.000000 15.538192
1882.000000 15.286412
1891.000000 15.204338
1900.000000 15.284724
1909.000000 15.358099
1918.000000 15.245033
1927.000000 15.322740
1936.000000 15.530469
1945.000000 15.513885
1954.000000 15.453488
1963.000000 15.541751
1972.000000 15.830163
1981.000000 15.731338
1990.000000 15.427631
1999.000000 15.296835
2008.000000 15.325497
2017.000000 15.386886
2026.000000 15.342913
2035.000000 15.452647
2044.000000 15.703940
2053.000000 15.662482
2062.000000 15.411611
2071.000000 15.316897
2080.000000 15.377346
2089.000000 15.454288
2098.000000 15.394260
2107.000000 15.544952
2116.000000 15.839161
2125.000000 15.694600
2134.000000 15.383512
2143.000000 15.212880
2152.000000 15.163605
2161.000000 15.130338
2170.000000 15.130159
2179.000000 15.231827
2188.000000 15.460495
2197.000000 15.444172
2206.000000 15.384335
2215.000000 15.466272
2224.000000 15.737631
2233.000000 15.705018
2242.000000 15.447091
2251.000000 15.421279
2260.000000 15.517529
2269.000000 15.575584
2278.000000 15.440162
2287.000000 15.492782
2296.000000 15.664565
2305.000000 15.658154
2314.000000 15.601425
2323.000000 15.740400
2332.000000 16.044164
2341.000000 15.952257
2350.000000 15.613043
2359.000000 15.484772
2368.000000 15.489362
2377.000000 15.520816
2386.000000 15.495346
2395.000000 15.588249
2404.000000 15.858313
2413.000000 15.821297
2422.000000 15.552922
2431.000000 15.485718
2440.000000 15.550103
2449.000000 15.619332
2458.000000 15.536943
2467.000000 15.606214
2476.000000 15.807138
2485.000000 15.766993
2494.000000 15.698057
2503.000000 15.798540
2512.000000 16.096950
2521.000000 16.011336
2530.000000 15.712210
2539.000000 15.553102
2548.000000 15.567792
2557.000000 15.620758
2566.000000 15.588683
2575.000000 15.722052
2584.000000 15.997320
2593.000000 15.936759
2602.000000 15.651550
2611.000000 15.571871
2620.000000 15.615048
2629.000000 15.693087
2638.000000 15.629256
2647.000000 15.738683
2656.000000 16.001559
2665.000000 15.913492
2674.000000 15.798337
2683.000000 15.849192
2692.000000 16.096171
2701.000000 16.033245
2710.000000 15.788154
2719.000000 15.771247
2728.000000 15.856534
2737.000000 15.874016
2746.000000 15.706215
2755.000000 15.681980
2764.000000 15.791477
2773.000000 15.833949
2782.000000 15.662077
2791.000000 15.581851
2800.000000 15.638152
2809.000000 15.707063
2818.000000 15.672599
2827.000000 15.816887
2836.000000 16.106043
2845.000000 15.982061
2854.000000 15.681995
2863.000000 15.521343
2872.000000 15.477614
2881.000000 15.464427
2890.000000 15.469828
2899.000000 15.584259
2908.000000 15.814895
2917.000000 15.805220
2926.000000 15.736317
2935.000000 15.820193
2944.000000 16.090813
2953.000000 16.083146
2962.000000 15.805384
2971.000000 15.720557
2980.000000 15.747549
2989.000000 15.788538
2998.000000 15.761899
3007.000000 15.855792
3016.000000 16.131836
3025.000000 16.053978
3034.000000 15.852836
3043.000000 15.881994
3052.000000 16.028606
3061.000000 16.052534
3070.000000 15.936611
3079.000000 15.951260
3088.000000 16.147835
3097.000000 16.132542
3106.000000 16.081267
3115.000000 16.195573
3124.000000 16.515799
3133.000000 16.380142
3142.000000 16.047213
3151.000000 15.875980
3160.000000 15.837097
3169.000000 15.817208
3178.000000 15.820717
3187.000000 15.949605
3196.000000 16.243331
3205.000000 16.141919
3214.000000 15.942862
3223.000000 15.922738
3232.000000 16.040142
3241.000000 16.097443
3250.000000 15.920566
3259.000000 15.864159
3268.000000 15.952848
3277.000000 15.993073
3286.000000 15.878429
3295.000000 15.952065
3304.000000 16.136734
3313.000000 16.153596
3322.000000 16.092627
3331.000000 16.171955
3340.000000 16.438302
3349.000000 16.387795
3358.000000 16.107905
3367.000000 16.016266
3376.000000 16.080788
3385.000000 16.126768
3394.000000 16.020761
3403.000000 16.128710
3412.000000 16.374923
3421.000000 16.344138
3430.000000 16.128924
3439.000000 16.092735
3448.000000 16.205535
3457.000000 16.220977
3466.000000 16.085805
3475.000000 16.121938
3484.000000 16.307279
3493.000000 16.314310
3502.000000 16.245529
3511.000000 16.337829
3520.000000 16.641021
3529.000000 16.531941
3538.000000 16.209819
3547.000000 16.080585
3556.000000 16.093580
3565.000000 16.157305
3574.000000 16.130204
3583.000000 16.311094
3592.000000 16.657651
3601.000000 16.546812
3610.000000 16.217843
3619.000000 16.140489
3628.000000 16.196449
3637.000000 16.240741
3646.000000 16.146662
3655.000000 16.224085
3664.000000 16.426907
3673.000000 16.396741
3682.000000 16.183761
3691.000000 16.088832
3700.000000 16.099181
3709.000000 16.123140
3718.000000 16.100723
3727.000000 16.190094
3736.000000 16.476588
3745.000000 16.386265
3754.000000 16.203002
3763.000000 16.248221
3772.000000 16.427047
3781.000000 16.439640
3790.000000 16.389770
3799.000000 16.523703
3808.000000 16.825479
3817.000000 16.657511
3826.000000 16.329781
3835.000000 16.149735
3844.000000 16.093554
3853.000000 16.062923
3862.000000 16.063167
3871.000000 16.184827
3880.000000 16.437744
3889.000000 16.432770
3898.000000 16.347813
3907.000000 16.406448
3916.000000 16.671405
3925.000000 16.586597
3934.000000 16.360400
3943.000000 16.375076
3952.000000 16.494601
3961.000000 16.521566
3970.000000 16.450469
3979.000000 16.552233
3988.000000 16.828257
3997.000000 16.820450
4006.000000 16.274570
4015.000000 16.029743
4024.000000 15.932722
4033.000000 15.858536
4042.000000 15.636453
4051.000000 15.637201
4060.000000 15.852406
4069.000000 15.615350
4078.000000 15.008831
4087.000000 14.699759
4096.000000 14.545109
4105.000000 14.129691
4114.000000 13.561284
4123.000000 13.361419
4132.000000 13.312768
4141.000000 12.951191
4150.000000 12.258394
4159.000000 11.979614
4168.000000 11.820087
4177.000000 11.245465
4186.000000 10.566405
4195.000000 10.203873
4204.000000 9.962809
4213.000000 9.591328
4222.000000 8.937607
4231.000000 8.657872
4240.000000 8.550781
4249.000000 7.910307
4258.000000 7.300565
4267.000000 6.868113
4276.000000 6.677858
4285.000000 6.242068
4294.000000 5.564498
4303.000000 5.207537
4312.000000 4.967459
4321.000000 4.331602
4330.000000 3.753776
4339.000000 3.314911
4348.000000 3.006413
4357.000000 2.550499
4366.000000 2.017577
4375.000000 1.637494
4384.000000 1.453433
4393.000000 0.780924
4402.000000 0.337974
4411.000000 0.133683
4420.000000 0.063137
4429.000000 -0.491021
4438.000000 -1.103016
4447.000000 -1.519633
4456.000000 -1.810467
4465.000000 -2.395029
4474.000000 -2.723604
4483.000000 -2.950145
4492.000000 -2.990939
4501.000000 -3.596541
4510.000000 -4.098905
4519.000000 -4.430815
4528.000000 -4.573545
4537.000000 -5.440282
4546.000000 -5.773451
4555.000000 -6.027023
4564.000000 -6.172853
4573.000000 -6.759094
4582.000000 -7.252664
4591.000000 -7.642229
4600.000000 -8.001310
4609.000000 -8.339511
4618.000000 -8.438102
4627.000000 -8.454652
4636.000000 -8.371429
4645.000000 -8.695882
4654.000000 -9.322544
4663.000000 -9.939654
4672.000000 -10.488409
4681.000000 -10.935773
4690.000000 -11.066033
4699.000000 -11.205814
4708.000000 -11.366716
4717.000000 -11.667966
4726.000000 -11.601573
4735.000000 -11.581791
4744.000000 -11.502145
4753.000000 -11.513781
4762.000000 -11.539893
4771.000000 -11.550303
4780.000000 -11.479412
4789.000000 -11.476327
4798.000000 -11.483691
4807.000000 -11.457840
4816.000000 -11.316727
4825.000000 -11.289701
4834.000000 -11.421199
4843.000000 -11.444408
4852.000000 -11.437397
4861.000000 -11.507713
4870.000000 -11.526467
4879.000000 -11.516679
4888.000000 -11.432693
4897.000000 -11.417564
4906.000000 -11.447548
4915.000000 -11.399949
4924.000000 -11.281366
4933.000000 -11.227519
4942.000000 -11.341095
4951.000000 -11.341108
4960.000000 -11.283230
4969.000000 -11.289330
4978.000000 -11.332188
4987.000000 -11.272925
4996.000000 -11.138756
5005.000000 -11.145957
5014.000000 -11.306803
5023.000000 -11.392109
5032.000000 -11.433517
5041.000000 -11.546615
5050.000000 -11.530316
5059.000000 -11.464033
5068.000000 -11.368449
5077.000000 -11.332443
5086.000000 -11.378284
5095.000000 -11.361456
5104.000000 -11.247841
5113.000000 -11.212734
5122.000000 -11.381495
5131.000000 -11.435347
5140.000000 -11.465002
5149.000000 -11.576443
5158.000000 -11.540721
5167.000000 -11.413644
5176.000000 -11.245694
5185.000000 -11.253187
5194.000000 -11.350147
5203.000000 -11.309451
5212.000000 -11.191801
5221.000000 -11.168837
5230.000000 -11.316903
5239.000000 -11.339202
5248.000000 -11.333922
5257.000000 -11.385145
5266.000000 -11.422601
5275.000000 -11.441639
5284.000000 -11.356769
5293.000000 -11.326203
5302.000000 -11.423208
5311.000000 -11.434509
5320.000000 -11.371246
5329.000000 -11.368506
5338.000000 -11.423256
5347.000000 -11.447547
5356.000000 -11.355004
5365.000000 -11.336202
5374.000000 -11.418326
5383.000000 -11.388256
5392.000000 -11.254259
5401.000000 -11.243156
5410.000000 -11.405747
5419.000000 -11.463837
5428.000000 -11.472029
5437.000000 -11.568354
5446.000000 -11.559638
5455.000000 -11.496454
5464.000000 -11.331565
5473.000000 -11.323987
5482.000000 -11.461593
5491.000000 -11.502157
5500.000000 -11.480073
5509.000000 -11.533441
5518.000000 -11.551775
5527.000000 -11.482967
5536.000000 -11.329693
5545.000000 -11.331122
5554.000000 -11.474788
5563.000000 -11.558831
5572.000000 -11.546761
5581.000000 -11.601458
5590.000000 -11.641622
5599.000000 -11.613831
5608.000000 -11.527817
5617.000000 -11.495026
5626.000000 -11.561566
5635.000000 -11.547602
5644.000000 -11.453557
5653.000000 -11.411282
5662.000000 -11.554903
5671.000000 -11.631420
5680.000000 -11.642997
5689.000000 -11.710473
5698.000000 -11.715629
5707.000000 -11.664813
5716.000000 -11.525466
5725.000000 -11.510668
5734.000000 -11.660701
5743.000000 -11.732097
5752.000000 -11.745308
5761.000000 -11.843604
5770.000000 -11.836988
5779.000000 -11.812408
5788.000000 -11.743772
5797.000000 -11.740482
5806.000000 -11.774682
5815.000000 -11.712199
5824.000000 -11.573153
5833.000000 -11.538303
5842.000000 -11.713081
5851.000000 -11.773941
5860.000000 -11.792387
5869.000000 -11.899661
5878.000000 -11.856188
5887.000000 -11.729995
5896.000000 -11.548586
5905.000000 -11.555817
5914.000000 -11.668942
5923.000000 -11.631987
5932.000000 -11.538008
5941.000000 -11.506208
5950.000000 -11.616817
5959.000000 -11.612633
5968.000000 -11.545868
5977.000000 -11.528577
5986.000000 -11.597398
5995.000000 -11.533927
6004.000000 -11.384125
6013.000000 -11.373854
6022.000000 -11.553779
6031.000000 -11.682481
6040.000000 -11.748119
6049.000000 -11.875365
6058.000000 -11.841132
6067.000000 -11.741846
6076.000000 -11.597596
6085.000000 -11.598431
6094.000000 -11.734475
6103.000000 -11.816344
6112.000000 -11.832629
6121.000000 -11.901086
6130.000000 -11.930556
6139.000000 -11.927169
6148.000000 -11.838057
6157.000000 -11.822584
6166.000000 -11.868740
6175.000000 -11.816531
6184.000000 -11.693768
6193.000000 -11.663216
6202.000000 -11.811190
6211.000000 -11.845287
6220.000000 -11.841929
6229.000000 -11.924156
6238.000000 -11.913099
6247.000000 -11.835799
6256.000000 -11.684425
6265.000000 -11.693116
6274.000000 -11.824011
6283.000000 -11.894145
6292.000000 -11.893696
6301.000000 -11.959817
6310.000000 -11.990343
6319.000000 -11.970790
6328.000000 -11.887156
6337.000000 -11.856850
6346.000000 -11.917374
6355.000000 -11.902023
6364.000000 -11.799285
6373.000000 -11.760592
6382.000000 -11.862363
6391.000000 -11.856875
6400.000000 -11.781554
6409.000000 -11.766836
6418.000000 -11.834735
6427.000000 -11.815446
6436.000000 -11.712061
6445.000000 -11.706681
6454.000000 -11.848560
6463.000000 -11.893200
6472.000000 -11.880481
6481.000000 -11.926561
6490.000000 -11.992049
6499.000000 -12.055938
6508.000000 -12.033453
6517.000000 -12.076535
6526.000000 -12.081643
6535.000000 -12.001312
6544.000000 -11.857049
6553.000000 -11.817871
6562.000000 -12.010629
6571.000000 -12.095696
6580.000000 -12.161831
6589.000000 -12.331981
6598.000000 -12.262144
6607.000000 -12.166664
6616.000000 -12.002146
6625.000000 -11.980080
6634.000000 -12.100734
6643.000000 -12.152944
6652.000000 -12.139599
6661.000000 -12.193893
6670.000000 -12.216380
6679.000000 -12.194049
6688.000000 -12.107694
6697.000000 -12.071732
6706.000000 -12.126440
6715.000000 -12.096695
6724.000000 -11.985784
6733.000000 -11.933911
6742.000000 -12.031543
6751.000000 -11.991474
6760.000000 -11.868825
6769.000000 -11.839119
6778.000000 -12.014696
6787.000000 -12.077234
6796.000000 -12.120099
6805.000000 -12.238430
6814.000000 -12.201241
6823.000000 -12.083483
6832.000000 -11.908450
6841.000000 -11.896486
6850.000000 -12.013817
6859.000000 -12.031607
6868.000000 -11.976713
6877.000000 -11.988401
6886.000000 -11.864264
6895.000000 -11.692956
6904.000000 -11.503750
6913.000000 -11.360049
6922.000000 -11.455356
6931.000000 -11.488122
6940.000000 -11.535979
6949.000000 -11.610041
6958.000000 -11.407636
6967.000000 -11.186894
6976.000000 -11.087343
6985.000000 -11.004661
6994.000000 -10.880220
7003.000000 -10.726627
7012.000000 -10.597909
7021.000000 -10.531252
7030.000000 -10.330787
7039.000000 -10.222517
7048.000000 -10.139397
7057.000000 -10.163350
7066.000000 -9.894623
7075.000000 -9.747367
7084.000000 -9.567570
7093.000000 -9.471756
7102.000000 -9.120077
7111.000000 -8.813295
7120.000000 -8.430181
7129.000000 -8.103638
7138.000000 -8.004523
7147.000000 -7.833120
7156.000000 -7.673151
7165.000000 -7.585614
7174.000000 -7.294067
7183.000000 -7.014539
7192.000000 -6.613967
7201.000000 -6.351448
7210.000000 -6.233811
7219.000000 -6.089165
7228.000000 -5.919382
7237.000000 -5.847196
7246.000000 -5.528922
7255.000000 -5.193913
7264.000000 -4.820610
7273.000000 -4.563996
7282.000000 -4.445119
7291.000000 -4.280233
7300.000000 -4.033315
7309.000000 -3.826733
7318.000000 -3.545208
7327.000000 -3.227924
7336.000000 -2.848092
7345.000000 -2.521923
7354.000000 -2.358643
7363.000000 -2.035455
7372.000000 -1.478449
7381.000000 -1.267733
7390.000000 -1.173539
7399.000000 -1.008849
7408.000000 -0.803819
7417.000000 -0.649727
7426.000000 -0.549827
7435.000000 -0.395534
7444.000000 -0.145404
7453.000000 0.059272
7462.000000 0.133300
7471.000000 0.286026
7480.000000 0.546589
7489.000000 0.699713
7498.000000 0.658011
7507.000000 0.746936
7516.000000 0.938576
7525.000000 1.022903
7534.000000 0.929568
7543.000000 0.928773
7552.000000 0.989482
7561.000000 1.018122
7570.000000 1.004319
7579.000000 1.076244
7588.000000 1.251895
7597.000000 1.303531
7606.000000 1.205263
7615.000000 1.185993
7624.000000 1.262312
7633.000000 1.303013
7642.000000 1.226110
7651.000000 1.240874
7660.000000 1.346330
7669.000000 1.437356
7678.000000 1.349891
7687.000000 1.399593
7696.000000 1.552526
7705.000000 1.579157
7714.000000 1.471594
7723.000000 1.488876
7732.000000 1.618400
7741.000000 1.651406
7750.000000 1.455757
7759.000000 1.374504
7768.000000 1.319681
7777.000000 1.203078
7786.000000 1.227885
7795.000000 1.354610
7804.000000 1.563519
7813.000000 1.593642
7822.000000 1.426954
7831.000000 1.384424
7840.000000 1.455578
7849.000000 1.521186
7858.000000 1.466238
7867.000000 1.510823
7876.000000 1.706284
7885.000000 1.675117
7894.000000 1.621761
7903.000000 1.737099
7912.000000 2.010268
7921.000000 1.893951
7930.000000 1.496276
7939.000000 1.175404
7948.000000 0.928101
7957.000000 0.685732
7966.000000 0.778713
7975.000000 0.909223
7984.000000 1.104843
7993.000000 1.181590
8002.000000 1.062914
8011.000000 1.003188
8020.000000 1.017318
8029.000000 0.973685
8038.000000 1.027358
8047.000000 1.166694
8056.000000 1.407980
8065.000000 1.414695
8074.000000 1.384694
8083.000000 1.512404
8092.000000 1.741411
8101.000000 1.715780
8110.000000 1.442620
8119.000000 1.245497
8128.000000 1.050527
8137.000000 0.833564
8146.000000 0.915749
8155.000000 0.975762
8164.000000 1.152369
8173.000000 1.237800
8182.000000 1.136443
8191.000000 1.174942
8200.000000 1.292373
8209.000000 1.369290
8218.000000 1.266922
8227.000000 1.272839
8236.000000 1.385118
8245.000000 1.441725
8254.000000 1.335579
8263.000000 1.361268
8272.000000 1.464034
8281.000000 1.530587
8290.000000 1.416909
8299.000000 1.428670
8308.000000 1.523489
8317.000000 1.564690
8326.000000 1.432527
8335.000000 1.401701
8344.000000 1.443959
8353.000000 1.441903
8362.000000 1.371507
8371.000000 1.376431
8380.000000 1.476174
8389.000000 1.550925
8398.000000 1.457145
8407.000000 1.506616
8416.000000 1.658089
8425.000000 1.664421
8434.000000 1.502578
8443.000000 1.467592
8452.000000 1.525022
8461.000000 1.545933
